		100RandomInserts
   Quadratic Open Addressing Hash Table
-------------------------------------
Index 		Key 		count 
0		2800		1
1		201		1
2		7902		1
3		9403		1
4		8004		1
5		3403		1
6		5003		1
7		9303		1
8		5008		1
9		209		1
10		1492		1
11		7511		1
12		512		1
13		8598		1
14		714		1
15		2115		1
16		917		1
17		2717		1
18		1218		1
19		8619		1
20		5620		1
21		6824		1
22		5122		1
23		3122		1
24		5727		1
25		6325		1
26		9328		1
27		4427		1
28		7727		1
29		9429		1
30		428		1
31		5298		1
32		5832		1
33		2532		1
34		8733		1
35		9788		1
36		5036		1
37		936		1
38		2138		1
39		7938		1
40		4840		1
41		2669		1
42		5361		1
43		2571		1
44		8569		1
45		3649		1
46		9851		1
47		9447		1
48		5149		1
49		6449		1
50		9850		1
51		8150		1
52		9852		1
53		8353		1
54		8754		1
55		5957		1
56		5359		1
57		4957		1
58		3858		1
59		4059		1
60		9660		1
61		361		1
62		8562		1
63		9157		1
64		1764		1
65		6869		1
66		9376		1
67		367		1
68		3668		1
69		3469		1
70		2771		1
71		1971		1
72		3971		1
73		9973		1
74		5373		1
75		6775		1
76		5278		1
77		5677		1
78		7879		1
79		4879		1
80		6681		1
81		2482		1
82		7982		1
83		883		1
84		3583		1
85		9683		1
86		6284		1
87		5183		1
88		1188		1
89		4089		1
90		9190		1
91		5891		1
92		4192		1
93		5592		1
94		4594		1
95		2293		1
96		9995		1
97		8997		1
98		6599		1
99		3300		1

		100RandomInserts
   Overflow chain Hashing
-----------------------------------
Index 		Key 		count 
0		2800		1	1
1		201		2	-1
2		7902		1	-1
3		9403		1	14
4		8004		1	48
5		1305		1	61
6		806		1	-1
7		NULL		0
8		5008		1	58
9		209		1	91
10		NULL		0
11		7511		1	-1
12		512		1	-1
13		NULL		0
14		714		1	-1
15		2115		1	55
16		4016		1	-1
17		2717		1	27
18		1218		1	-1
19		8619		1	-1
20		5620		1	-1
21		1721		1	-1
22		5122		1	26
23		623		1	-1
24		6824		1	42
25		6325		1	-1
26		NULL		0
27		4427		1	2
28		428		1	11
29		9429		1	44
30		4830		1	-1
31		8931		1	-1
32		5832		1	4
33		8733		1	75
34		NULL		0
35		NULL		0
36		5036		1	18
37		6937		1	-1
38		2138		1	5
39		NULL		0
40		4840		1	57
41		7441		1	80
42		6642		1	-1
43		NULL		0
44		44		1	-1
45		NULL		0
46		4146		1	-1
47		9447		1	83
48		NULL		0
49		6449		1	8
50		9850		1	12
51		9851		1	66
52		9852		1	-1
53		8353		1	-1
54		8754		1	79
55		3855		1	78
56		8956		1	-1
57		4957		1	15
58		3858		1	35
59		4059		1	3
60		9660		2	56
61		361		1	32
62		8562		1	36
63		763		1	-1
64		1764		1	49
65		NULL		0
66		NULL		0
67		367		1	98
68		3668		1	45
69		3469		1	23
70		2670		1	-1
71		1971		1	19
72		NULL		0
73		9973		1	22
74		2374		1	71
75		6775		1	38
76		9376		1	50
77		5677		1	-1
78		5278		1	84
79		4879		1	9
80		NULL		0
81		6681		1	-1
82		7982		1	0
83		883		1	6
84		6284		1	-1
85		NULL		0
86		2786		1	-1
87		2687		1	53
88		1188		1	33
89		4089		1	-1
90		9190		1	-1
91		5891		1	47
92		4192		1	10
93		2293		1	67
94		4594		1	72
95		9995		1	37
96		2196		1	-1
97		8997		1	-1
98		8598		1	31
99		6599		1	70
		100RandomInserts
   Overflow Array
-----------------------------------
Index 		Key 		count 
0		2482		1	-1
1		3300		1	51
2		7727		1	13
3		5359		1	81
4		2532		1	88
5		7938		1	-1
6		3583		1	7
7		9683		1	16
8		5149		1	21
9		7879		1	-1
10		5592		1	29
11		9328		1	65
12		8150		1	64
13		5727		1	-1
14		3403		1	24
15		5957		1	17
16		5183		1	63
17		9157		1	-1
18		936		1	-1
19		3971		1	20
20		2771		1	30
21		3649		1	-1
22		5373		1	96
23		6869		1	25
24		5003		1	28
25		8569		1	34
26		3122		1	-1
27		917		1	76
28		9303		1	-1
29		1492		1	73
30		2571		1	-1
31		5298		1	-1
32		5361		1	41
33		9788		1	87
34		2669		1	40
35		2658		1	-1
36		2062		1	62
37		4595		1	39
38		7875		1	-1
39		6395		1	46
40		5869		1	-1
41		161		1	43
42		524		1	54
43		8561		1	59
44		129		2	-1
45		7168		1	52
46		8595		1	-1
47		1591		1	-1
48		1304		1	85
49		2564		1	86
50		6176		1	-1
51		600		1	-1
52		2268		1	74
53		4987		1	60
54		3324		2	95
55		5315		1	-1
56		4660		1	-1
57		1940		1	-1
58		8908		1	-1
59		6961		1	-1
60		3987		1	92
61		9405		1	-1
62		3762		1	69
63		9283		1	68
64		950		1	-1
65		6328		1	-1
66		8151		1	77
67		5193		1	90
68		3783		1	-1
69		9562		1	-1
70		7999		1	-1
71		2174		1	-1
72		2894		1	-1
73		1792		1	-1
74		1868		1	93
75		9233		1	-1
76		1017		1	-1
77		8251		1	82
78		6255		1	-1
79		1454		1	89
80		9141		1	-1
81		3459		1	-1
82		1351		1	-1
83		147		1	-1
84		8978		1	-1
85		5204		1	-1
86		2964		1	94
87		288		1	-1
88		6532		1	99
89		9454		1	97
90		7593		1	-1
91		6309		1	-1
92		7787		1	-1
93		5768		1	-1
94		4064		1	-1
95		3524		1	-1
96		3073		1	-1
97		1354		1	-1
98		467		1	-1
99		2232		1	-1


Operation Counts
-----------------------------------
                                       Linear       OverFlow
Number of key values inserted           100            185       
Unique values                           100            185       
Duplicate values                        0              4         

Collisions                              
Number of collisions                    671            385       

Number of direct inserts                53 - 53%       87 - 47%
Number of non-direct inserts            47 - 47%       102 - 55.1%

Average distance from home              
including direct inserts                5.71           0.974     
not-including direct inserts            10.8           2.11      
Largest distance                        93             4         

Searches                                
Number of searches                      190            190       
Number of comparisons                   9608           370       
Number of direct accesses               55             87        
Number of indirect accesses             47             0         
Total number of accesses                102            87        
Average number of comparisons           50.6           1.95      
Largest number of comparisons           101            6         
